4.009455216724689e-06
2.267841784553415e-05
2.3593799932108972e-05
4.1320046839210534e-05
4.352508786820142e-05
5.803972192874873e-05
7.490084932826324e-05
7.765854556940344e-05
9.172454276351605e-05
9.608957023732323e-05
9.637245810589778e-05
0.00010279248861089219
0.00010917691771317184
0.00011236143406068155
0.00013203320140187103
0.00014585965941682488
0.00015801543804860874
0.00015954492835701384
0.00016037428625503836
0.0001733205415078709
0.0001805654719948535
0.00018541406430927498
0.00019030450188595172
0.00019717716726019852
0.00020621496004569195
0.00020838871701267525
0.0002092999350992164
0.0002131462080706692
0.0002152467155316362
0.0002255494484533216
0.000243599383568327
0.00025048952853212736
0.00025412299547566963
0.0002626472100829558
0.00027734873266060944
0.00027996006619346314
0.00028457112386781613
0.0002877037190477383
0.0002888093078019516
0.0002913878227844835
0.00029406505466544886
0.0003036207271917002
0.0003190057580808592
0.0003397864386649463
0.0003552179359010976
0.00035582867676065
0.00035976856064900975
0.00035980999211926434
0.00036610164134576184
0.0003831332574175672
0.00038879164222593854
0.00040090712742724133
0.00041938240391403703
0.00043531191746237763
0.0004482924302482427
0.0004510895648279778
0.00045919881329159473
0.00046138372547821493
0.0004993302060528615
0.000506693234236244
0.0005088488164510796
0.0005170005967053415
0.0005384697224246615
0.0005386273746673664
0.0005454382513906397
0.0005712694043055189
0.000575416274118945
0.0005961028492396103
0.0006018553700427587
0.0006036607035070363
0.00060588702559361
0.0006065202307264927
0.000611417909132328
0.0006157117725602568
0.000616399380820587
0.0006312885568625637
0.0006377718725817383
0.0006405929661709164
0.0006561614386486614
0.0006708878258249173
0.0006718705429740179
0.0006816838344226861
0.0006846136247615764
0.0007028914432282152
0.0007064388285932255
0.0007065221883563177
0.0007187671946070617
0.0007341807752859753
0.0007434472085452448
0.0007438468146498955
0.0007532469000406383
0.0007564211528595655
0.0007627885523676659
0.0007722811049515332
0.0007738937182155681
0.0007769448437590087
0.0007910123036123373
0.00079598748621168
0.0007972398306117512
0.0008028092565725009
0.0008101800628850242
0.0008104847422144568
0.0008159010498223207
0.0008176624648337238
0.000819432137972198
0.0008329214270882401
0.0008413400788944703
0.000844620127623541
0.0008474470616764984
0.0008535927042327973
0.0008703282174145066
0.0008860248902951007
0.0008963238210534241
0.000900492990328905
0.0009053664064702094
0.0009225067240656859
0.0009561392740901065
0.0009645510986047157
0.0009669661661024787
0.0009744113103250518
0.0009777558996150182
0.0009796342258212576
0.000995992185151784
0.0010019732637642775
0.001008222912255663
0.0010127993602482288
0.0010538079681976509
0.0010573450146150742
0.0010787066564500458
0.001110505254009131
0.001119927263755649
0.0011219635226146218
0.0011280555962384087
0.0011334813555958778
0.0011601041653713784
0.0011601774040230772
0.001162712140486355
0.001200225950292344
0.001236004921514433
0.0012403414312369687
0.0012674865311645966
0.0012720251581144204
0.0012909456265339792
0.0013234185565724754
0.0013368329115922561
0.001349243714404702
0.0013508932052478384
0.0013836076105173678
0.0013865103048060767
0.0013901231530221159
0.0013918614486806424
0.0014016400214783564
0.0014066174672453524
0.0014101740816196973
0.0014250515889895343
0.0014385290488065916
0.001440023250527167
0.00145834845205417
0.0014596482592179605
0.0014603844596694504
0.0014686126079594963
0.0014736180000766153
0.00147827035778747
0.0014938963590066523
0.0015061985452927695
0.001528298983780485
0.0015498500465718212
0.001564625421857757
0.0015768279324938073
0.0015890943149502457
0.0016394428445359877
0.0016543363998511307
0.0016648186020514766
0.001673921122927191
0.0016767050918683468
0.0016871357122093533
0.0016979971060885335
0.0016980021106040022
0.0017015132995713556
0.0017173086932621429
0.0017507208191438473
0.0017758104267743269
0.001792068396340607
0.0018174478908319358
0.0018262651868118374
0.0018285511500716334
0.001833529611489082
0.0018390304835009808
0.0018502887682666502
0.0018506081992716306
0.001853954756989129
0.001866650932829561
0.001873119578901461
0.0018905322936252356
0.0019098668658404927
0.0019185169252067258
0.001921383131097465
0.0019311855957596658
0.0019325030291301726
0.0019394758278843405
0.0019424498620308484
0.0019451834798897005
0.0019494893831880633
0.0019617343984413838
0.0019854989986364258
0.0019899055287112555
0.002000675592283674
0.0020202875066636095
0.0020211095162175896
0.0020254955462783997
0.0020565848636286965
0.002074306680902138
0.002085488577826422
0.0020872529780430193
0.0020924309866640067
0.0021266505045862694
0.002138985386459513
0.002141521591575879
0.002145917936859254
0.0021459652116487815
0.0021600197307336533
0.0021603769444196175
0.0022009559077652563
0.0022136420806319057
0.0022325992570820796
0.0022530510398058867
0.00225616734327172
0.0022816314173346175
0.0022835108284166017
0.0023654678265776496
0.002373907546253884
0.0023820366969689033
0.002391307045991775
0.002395881476129458
0.0023992591408893427
0.0024018367722119516
0.0024044855985777547
0.002416620647385792
0.0024190485392248107
0.0024232363983948124
0.002430598176191623
0.002434216085434482
0.002436340866939224
0.002439523775938701
0.0024428381133747568
0.0024433529360021744
0.0024471925089704083
0.002458295245601372
0.002466191984571653
0.00247017348864087
0.00248098889856474
0.0024825615294139514
0.002515469171217477
0.002532097062654226
0.00253305666497583
0.0025439089673970905
0.002558777642929777
0.002606047787791166
0.002619486438357521
0.0026438880261046016
0.0026614200952754796
0.0026634082828286276
0.0026696438998879968
0.00267297500374597
0.0026890705967441697
0.0027027467518376813
0.0027118303152439127
0.002711961410683972
0.0027377338471201718
0.002749698068727713
0.002752552508444861
0.00275445135901764
0.0027590471494228774
0.0027763861536579393
0.002819538078546957
0.002828678162884013
0.002862192276608999
0.0028650783473099795
0.0028686873478888097
0.0028762738598423487
0.002918182988233986
0.0029309754943973587
0.0029455330826926307
0.00295307520659871
0.002956894326934356
0.002958416830208477
0.0029613669246858487
0.0029664580349092473
0.0029701595642358525
0.002973468540285018
0.0029749261605874766
0.002988838507813396
0.0029978486393387183
0.0030025249560705625
0.00300506061178496
0.0030119957143779352
0.003020709023511814
0.003021422021456388
0.00302225479506113
0.0030252419041416623
0.00302598840565671
0.0030529578072174823
0.0030572378340473216
0.003062161239264727
0.0030786015078856366
0.003110631161338473
0.0031121973760254162
0.0031146068451399778
0.0031225755703540026
0.003128632025687361
0.0031356280861056796
0.003160856932802547
0.003173862641819847
0.0031824413468851676
0.0031880783859636885
0.0031926367466164063
0.0031934556425325944
0.0031999956249478823
0.0032016403731335297
0.003202000975071728
0.003205956730454318
0.003233779616185095
0.0032349970541944995
0.0032513870488031227
0.0032540340483715458
0.003257977328960604
0.0032650554189922465
0.0032656434743439933
0.0033220585871900354
0.003325896915913007
0.0033381832848182746
0.0033433389118516788
0.0033834853655342334
0.003386425879026267
0.003398765102492818
0.003401312931881284
0.003404830001680681
0.003418287177811452
0.0034187278014877753
0.00341940921181072
0.003424159834507945
0.003424654753733103
0.003466652621451849
0.003500051843370544
0.0035008232071571666
0.0035059960583828653
0.0035362657702118216
0.003561026107568477
0.0035705044965471666
0.003576128411855506
0.0035835662048612216
0.003586389250506361
0.003599169118815637
0.0036028828907129773
0.003617629587261084
0.0036296655876397743
0.003658310722285618
0.0036943560409241627
0.0037020655768396082
0.00370365404777806
0.0037134954397496367
0.0037217726235154736
0.0037237149133589886
0.0037267829271953046
0.0037308352144899137
0.0037339421635548264
0.0037535129614409968
0.003770006117957636
0.003788008163188472
0.003791272826075054
0.003809582454282978
0.0038157112787809977
0.003820062791961565
0.0038415408074621293
0.003852510877791704
0.0038686103211710288
0.0038817541356741536
0.0038909726855693716
0.003897953132470211
0.0039016042771824466
0.003901900159229088
0.003906094238650848
0.003907907413699396
0.003908381766215552
0.003920243803756107
0.003924997487065318
0.003934704119331833
0.0039367404389595295
0.003939082424313067
0.003945212756319871
0.003946305995740307
0.003953367773994132
0.003959544123571801
0.0039750605199916356
0.00397905646999297
0.004000024827379711
0.00401758524816509
0.004036235946991429
0.004043931581788951
0.0040452301456906925
0.004055247508866322
0.004063210925182803
0.004077794895174791
0.004088857226198006
0.004090348872768046
0.004092967475463061
0.0040985355163770665
0.004108089390425063
0.004121575784301501
0.004137725728812325
0.004140249057233647
0.004152640550241005
0.004179400336585926
0.004187921762017877
0.004191675154052721
0.004204291622036727
0.004211415754042047
0.00421467623890337
0.004222622543768151
0.004225027407208204
0.004226500276787393
0.004245999950673984
0.00425064291232502
0.00426992245727964
0.004281441307491862
0.004285453437861353
0.004295610577275788
0.004298742823340529
0.004301993281990435
0.004318661492478393
0.0043295744806772785
0.004340267499222783
0.004347567301118516
0.004385760553373141
0.004395776213767744
0.004407209699632264
0.004428350052249952
0.004435301403949099
0.004436558199551466
0.004443964162504477
0.0045067383750764245
0.004523219524781519
0.004543038572530134
0.004545179311239322
0.004557397192373913
0.004562980638543324
0.004564443233916249
0.00456749069997453
0.004586478189165466
0.004594522623334374
0.004613625544717448
0.004631646267798661
0.004632136474120974
0.004632255420651932
0.00464377935896787
0.004648621649251727
0.004653782205375934
0.004664514797203312
0.004671231940424181
0.004672219059054239
0.004684516642450398
0.004702018541071662
0.004740452389114358
0.004742564524051307
0.004745079856907641
0.004768333458357588
0.00478132150281696
0.004825864112601663
0.0048275002907361975
0.004829596332603159
0.004832690240186066
0.004833030764322288
0.00484901204004895
0.004865347238027118
0.0048676438668961985
0.004914211316835004
0.004921038937562794
0.004937203732985562
0.004971830976850278
0.004974086423278012
0.004974295918982241
0.004981365643882962
0.005007096508115372
0.005019116091700915
0.005020520426170516
0.00502086956689396
0.0050259705970363555
0.005049383550179143
0.005055275585389207
0.005055354055356842
0.005063795885253186
0.005084166159008308
0.005085786744938092
0.005141014282895373
0.005142667505907639
0.005187020128600062
0.005187942252898425
0.005199048233974879
0.005216052088883871
0.0052185165041208625
0.005263392773095177
0.005266174240472821
0.005267232072617811
0.005291530640417097
0.005311747644923148
0.005323446416764299
0.0053272477082995096
0.005335439852111268
0.005339578394857103
0.005341411039633481
0.005353093744598136
0.005364734388088155
0.0053654909037845755
0.005371286532916519
0.005404964480358432
0.005427846026886507
0.005491114513641926
0.005498018753723244
0.005500770282680478
0.005510623632980938
0.005511051363534247
0.005513088313178538
0.0055174667357899
0.005531261676475552
0.005549924705724463
0.005574820446502593
0.005589610530125522
0.005591125569710975
0.005596501407104104
0.005599657886301124
0.005607110788696024
0.005613513662516945
0.0056207462658312
0.005630977547400273
0.005650079456605339
0.005672438105038147
0.005673396092189864
0.005690159999095168
0.005691434160841835
0.005706302970231891
0.005730239208702748
0.00573235455747656
0.005734102411686259
0.005737511820415708
0.005740882850845286
0.005750584426370553
0.005772885867566857
0.0057733458189935805
0.005786721997530719
0.0058117997388223985
0.005841936103578083
0.005845085842999587
0.005860613709261497
0.005862145142035202
0.00588736968901904
0.005891795012535228
0.0058980684465564925
0.005912027555024624
0.00592617330429801
0.0059693680075770805
0.0059779415835314875
0.00598276306126988
0.005996295219621306
0.0060045386193255945
0.006008913304350827
0.0060109216567917345
0.006020761429116339
0.006025649164678737
0.006027807141646524
0.006028320430357281
0.006046443630964737
0.006049700065285268
0.006050064755870999
0.006099653675616823
0.0061003343587736625
0.006101956182768764
0.006127897502097079
0.006139182974304269
0.00614380669488479
0.006149715080053575
0.006164143027609592
0.006170780852101321
0.006175672631058782
0.006180012456130979
0.0061982759245923225
0.00620978116423665
0.006214059168084485
0.006240451049916218
0.00625306349842647
0.006259611184961211
0.006288571395415499
0.006302712838109348
0.006309378048660941
0.006323257943319005
0.006341171774795096
0.006341560692308068
0.006344225297315376
0.0063452475584140355
0.006358647049900856
0.006359715890664974
0.006381863685624434
0.006408982485616832
0.00642671878093326
0.0064383093648899825
0.0064459579580206094
0.006450029443320959
0.006453808338901079
0.0064553309816129945
0.00647184136817569
0.0064757900386333
0.006481850079345319
0.006486410714520718
0.006503444199232877
0.006533359077201872
0.006549227855763062
0.006555152421003574
0.006581657486714354
0.006590206868749782
0.006591031622482424
0.006598944316404398
0.006616314621432529
0.006621018771665765
0.006626678611639569
0.006631775878341961
0.006635673524983954
0.006671893449860189
0.0066732800405703285
0.006703317478871429
0.006708955808127914
0.006717035290108253
0.006739149757847396
0.006745031901920995
0.0067617859621105225
0.00676232513283459
0.006771559932557736
0.006781693881591222
0.006791442563628292
0.006802387172018753
0.006803588675005301
0.0068100827082211435
0.006819293841590746
0.006825268950231722
0.006832903563538828
0.0068421800559657076
0.006849301221294901
0.006852032736878733
0.0068679623072192
0.006871565331881602
0.00687207192353112
0.006872251568260324
0.006883361941878441
0.006887212149453759
0.006888744389970003
0.006903806707568627
0.006905459715124684
0.006934040258372298
0.006941235501854659
0.006945103593386515
0.006961858258398346
0.006962802052128958
0.006978699059646654
0.006988168774961778
0.006989395777771579
0.006991030893187533
0.006993010568569491
0.006999197429047643
0.007004967764285608
0.0070100761070512885
0.007021912597080626
0.00703696656274555
0.007037385401410856
0.0070620453439282915
0.007066921294070938
0.007099261839109694
0.00710138783751324
0.00711567806630542
0.007138784126974107
0.007163904081103789
0.007169212918278323
0.00716975171268841
0.0071813532266898905
0.007195638945310945
0.007197661095261099
0.007200400825255637
0.007220008251227594
0.007232467996475256
0.007239095188855238
0.007249586548943365
0.00725422201898851
0.007282809287600722
0.007300549179849902
0.007315368585006143
0.007343072787114102
0.0073466715582583
0.007358997195633821
0.007363034302170446
0.007368917531760277
0.0073698447095019715
0.00738545635876775
0.007402810064416454
0.007407642794937663
0.00740912037251007
0.007410590207588275
0.0074132849409024315
0.007413304624224293
0.007436165674714612
0.0074386650015162425
0.007439084405921781
0.0074413122261852704
0.007447929045181212
0.007460517573196546
0.007470169185447517
0.007484060239924539
0.00750598930945201
0.007517216487928247
0.007523442438155725
0.00752908677952191
0.007549804540438743
0.007561399580156447
0.007597511079695085
0.007609074884095568
0.007609800895166385
0.007610133039719358
0.007646288973815363
0.0076512776744963595
0.007668527380173429
0.007711639077266241
0.0077556184224844005
0.007757386542251332
0.007766526902466042
0.007820961842280538
0.007824846472381464
0.007833989465352742
0.007849678927116854
0.007871590130727912
0.007875548745710836
0.007876227125502844
0.007876883129667278
0.007878439411244331
0.007884411227072508
0.007899547693660525
0.007907022513970907
0.007910545797717106
0.007912343410615419
0.007927595837838641
0.007932612232566916
0.007947210700195662
0.007952920025488197
0.007968366225968526
0.007982553176838603
0.007983394880353045
0.007988218025153704
0.0079972415417352
0.008008148905037316
0.00802291293296642
0.008026619007980407
0.008032382016000983
0.008049352163164158
0.008055458068866761
0.008056819939568749
0.00806447014955114
0.008065833186550408
0.008072212176993054
0.00808652089769002
0.008118475906009781
0.00814158267173637
0.008162914889171535
0.00816439005396874
0.008173501919137793
0.008211564253939652
0.008213704910739583
0.008225786143473135
0.00822941132184285
0.008236672520733124
0.008239435003007944
0.008249484299832632
0.008261179074591452
0.008284453352329857
0.00828476788133714
0.008296380562039518
0.0083245241862554
0.008330271582684956
0.00833113114034656
0.008335982821112697
0.008338591547118468
0.008340243734457853
0.008343585191920133
0.008364054533958054
0.008374680790708688
0.00838107063829363
0.00839087364953639
0.008391295528932252
0.008392867940010595
0.00840117760619874
0.008406395531350475
0.008419824332649206
0.008428746615876559
0.008472657957019458
0.008477040478543363
0.008498200936843059
0.008517839013676753
0.008518313587867699
0.008524631071904265
0.008535630717158016
0.008556580881746378
0.00856688018316698
0.0085765406245768
0.008583450112171986
0.00859981571019297
0.008601893734103805
0.00860754085032589
0.008617799335661758
0.008648853009020963
0.008649430835805272
0.008652482468979206
0.008655483568409394
0.008664137799144545
0.008674437096418908
0.00868391303263405
0.008698943494316547
0.008706531357345115
0.008713221590422093
0.008720574071173659
0.008728884246151036
0.008736679800532055
0.008736896891890167
0.008741047439981275
0.008742812799131805
0.008743486673227663
0.008744805614380735
0.00874692040137559
0.008756089481383955
0.008757344328139016
0.008763772881855814
0.008769628404199037
0.008784714913691372
0.008799886238621601
0.008809815479481342
0.008824060856988947
0.00882805881378379
0.008842712495258476
0.008855415184095494
0.00887041336119998
0.008876244373384967
0.008884211669318853
0.008892736593034578
0.008904918280476237
0.008909008919299799
0.008925222105245711
0.008934741928914414
0.008943623738461248
0.008944714700368728
0.008955088333582717
0.008956428323060983
0.008965153755617572
0.008973027470693284
0.008985718560484468
0.008995033085941961
0.00904185065770935
0.00905452102124793
0.009058131539221748
0.009074622057432813
0.009099125752547232
0.009119710236425438
0.009144548513257189
0.009148181002910705
0.009166958448981966
0.009168872146228413
0.009172923811805123
0.009184615915359018
0.009191806119920098
0.009199569739178015
0.009201034992584067
0.009206524503160618
0.00921060874466384
0.009229691221173009
0.009246176122235661
0.009252597483828895
0.009261843664732372
0.009274193312495016
0.009283849244690834
0.009284698795633983
0.009295807467168626
0.00929828255737486
0.009301107431328282
0.009318302125609912
0.009321769729064289
0.009323313258120303
0.00933543169951978
0.009346324916472026
0.009351952554696119
0.009361060820363254
0.009378290807049439
0.009399490362743235
0.009402295822188322
0.009408171839280888
0.009410550903148018
0.009413610893057034
0.009421155016688387
0.009424244802831105
0.009432904961667599
0.009449108614628221
0.00945251439586392
0.009457729506981982
0.009466467326646466
0.009481825327896432
0.009531375229905659
0.009544726393020397
0.009556807760078168
0.009562599829935237
0.009565420256092638
0.009594676447167938
0.009599963406120349
0.009603978426491189
0.009621210804606206
0.009637522038664081
0.009648167717261402
0.009656405194015671
0.009658501600467218
0.009659283086492998
0.0096684411401472
0.00967336932840368
0.009674165085077013
0.00967740442250331
0.009694430197759618
0.009707389208612138
0.009712877433620926
0.00972239392074603
0.009751153912612831
0.009755349920422707
0.009766761325236684
0.009774770622551276
0.009787325440891559
0.00980120447184818
0.009815457246874715
0.009825814829663493
0.009832225517466986
0.009857456741259485
0.00985775137756928
0.00986823259922176
0.00986967099575664
0.009871979452723778
0.009905536426980999
0.009907142551884407
0.00990756194345721
0.009918247875835395
0.009921372758041391
0.009938625304015236
0.009939142453817773
0.009954739279304237
0.009957208093806735
0.009973601343038818
0.00998276296345424
0.009995676013202837
0.009998100551820488
0.010003070907627976
0.010014360067992056
0.010032368111847934
0.010033998617606121
0.010047365267303543
0.010057680585058959
0.010061662832720475
0.010062675967884127
0.010069597547892495
0.010072093732918619
0.01007529092614956
0.010079864065230537
0.010085355567437726
0.010087632003118574
0.01010304909479176
0.010125733212268173
0.010126356693378247
0.010147646037747426
0.010164306256577493
0.01016656338460109
0.010170855407886314
0.010180946814053127
0.010200356736229876
0.010215423586518058
0.010227890839642484
0.010239666324133978
0.010245651941045875
0.010255686726699853
0.010255861723419746
0.01027711312727142
0.010303080092811334
0.010304058508743386
0.010306209642764297
0.010308761542563438
0.010328495509529412
0.01033202430157898
0.01033668555816225
0.010356392297929728
0.010374461588105066
0.010375455006556455
0.010376600359647048
0.01037851924045663
0.010387056165163666
0.01038889749914873
0.010392584203511523
0.010394713565519575
0.01040831410721188
0.01041243746820808
0.010421894889530825
0.010425729841337938
0.010440208789787242
0.01044183969760637
0.010451745739477047
0.010460763744479351
0.01047509280148129
0.010486404655180581
0.010488328913169753
0.010504883758160943
0.010521055522335176
0.010534110842593813
0.010553432252410455
0.01059861678755647
0.01059974127930774
0.010601658570764116
0.010605473432800161
0.010616687908844624
0.01062195489428841
0.010622439800596406
0.010633595804574347
0.010656797440875665
0.010657883472818486
0.010661906821300193
0.01067184662301135
0.010680999066688845
0.010697370064192357
0.010706365006640683
0.010711845880113424
0.010715024410860918
0.010719851266575264
0.010743313172484004
0.010751858153741356
0.010763382592050674
0.010772168711879249
0.010775005660327519
0.010801747925376914
0.01082691712177175
0.010837198618993016
0.01084055552329155
0.01084100905737051
0.010845626306696832
0.010848949399790975
0.010852057809275673
0.010859497811822383
0.010861173010996872
0.01086199333369009
0.010863546849383732
0.010886208099770367
0.010889047334355029
0.010893705339657611
0.010898662187112218
0.01090176681828292
0.010907829188695373
0.010910444484726889
0.010926832162400757
0.010932988294249935
0.01094030471540175
0.010955502927292415
0.010965460969867169
0.010965932775870879
0.010967943821011517
0.010975183889175066
0.01098379903164437
0.010994615051767131
0.011003105269828173
0.011005390943077509
0.011017159362304851
0.011025415612266776
0.01102832109138785
0.011039749942287735
0.011042005622399986
0.011053639642599977
0.011094487651333806
0.011103073618237813
0.011107230884734753
0.011108264323371642
0.011114595779177505
0.011120814596335182
0.01112572123086264
0.011135616910413093
0.011155736332185473
0.011156271647453253
0.011172884374383019
0.011195023521769043
0.011195927305052589
0.011197805357039514
0.011197917095549403
0.011227025245189037
0.011244057403172358
0.011266411410385424
0.01127105184798638
0.011305131981481198
0.011310866822340837
0.01131222768904927
0.011314194379969944
0.011331093657154345
0.01133658696867812
0.011353181329007311
0.011356428242821459
0.01135747580475055
0.01137979773810427
0.011389153414458342
0.011389867680357435
0.011396264421878799
0.011425175523865239
0.011426627511397669
0.011438352037604238
0.011453746268108467
0.0114667894927456
0.0114700811917271
0.011474547628609333
0.011487978986698177
0.011498011323110457
0.01150881050662822
0.011509569220608307
0.011546924273538983
0.011547527062475527
0.011548519795519296
0.011575834101497429
0.01158391680959292
0.011594982640730778
0.01160419863733142
0.011621268660123807
0.01163791767436273
0.0116419470199286
0.011649408040986686
0.011652022232179982
0.011659469255299704
0.011667886294576602
0.01168459844504155
0.011700467015744898
0.011706392761664963
0.011706806455999974
0.011713798916033524
0.011717654597339866
0.011720024133585749
0.01172391117760252
0.01173034892540481
0.011733030415580492
0.01174016884204876
0.011745103033749094
0.011748803885629377
0.011767203285932504
0.011826399675395227
0.011833404811701032
0.011847486278494301
0.011847693632732414
0.0118536852865887
0.011869651393075942
0.011870479325516547
0.011872042876887479
0.011874241040086497
0.011876134640316005
0.01190446060430339
0.011919480231963542
0.01192425412469722
0.011940596036661866
0.0119511045479066
0.01195918590269307
0.011970958894813588
0.011981515779838303
0.011988606063458973
0.011993912519638217
0.012017212499493501
0.012036809200649867
0.012049419844171072
0.012069498848894966
0.012074074448059191
0.012076234525289609
0.012092746888822892
0.012158845078934388
0.012164647423822283
0.01216474367133702
0.01219761224954996
0.012205287409135845
0.0122327501868289
0.012240621299623555
0.012246000454602335
0.012259646410358926
0.012271358058586479
0.012284552326623732
0.012294614400122472
0.012298923565209896
0.012319555016750194
0.01232248812758907
0.012329353747603577
0.012336613323999712
0.012340846504173997
0.012349741034145212
0.01236081272360845
0.012369790671605041
0.012374085007114455
0.0123828843742817
0.01239563476362815
0.012409423544908038
0.012420994792548323
0.012424000806009472
0.012432200612177757
0.012437385079646424
0.012469924043622127
0.012474660018016337
0.01249047419925553
0.01249590972432224
0.012501933098891693
0.012503881143075768
0.012505129859693875
0.012526802461457986
0.01253038693500741
0.012530886976389932
0.012532804725725932
0.012535515394231145
0.012535583007956208
0.012539631378834404
0.012547722550723783
0.012549269559125609
0.01255225906544466
0.012555482305121157
0.012562136945138191
0.01257015188987698
0.012578824430712232
0.01258642611862748
0.01261798901179867
0.012620217887172158
0.012625112181915754
0.012628797085839305
0.01264588245130327
0.012675805929200035
0.012682117646688695
0.012689332625036465
0.012692005853490729
0.012692436807472007
0.012695553513144886
0.01270253002118149
0.0127040401909162
0.01270713973888593
0.012709660197057882
0.01271964368480516
0.012720788625717128
0.012738132743720265
0.012741794450100818
0.01275022681109983
0.012751412947048513
0.012754197807023582
0.01277478291364842
0.012786439002004157
0.012794522907323747
0.012798773142240205
0.012811500121267416
0.012822836923821912
0.012831104534056448
0.012831938887450822
0.012837134115982751
0.012838487165079515
0.012838827902168948
0.012851241091623167
0.012854602571743423
0.012860643707942598
0.012869149237094146
0.012869786285129248
0.01288222462261479
0.012892644976828072
0.012896837295746644
0.012902654300260052
0.012911506842163023
0.01291526676054433
0.012918746693302952
0.012949747072600548
0.012952683589274483
0.012977138999166304
0.01299378636044679
0.012995724145273502
0.012997353036418802
0.012998588496810681
0.01306047404716304
0.013061001777921577
0.013061639706477779
0.013064415464712376
0.0130702042392703
0.013072955486187698
0.013088748235561498
0.01310219681292113
0.01312055430202863
0.013148721335703106
0.01315436194191344
0.01315483162406994
0.013155189073206008
0.013168378333915265
0.013183295097936476
0.013190124458811292
0.013190938395070018
0.013198494003455963
0.013221091339387425
0.01323675843404215
0.013249723931521573
0.013288342560815458
0.0133261036031459
0.013333335101614163
0.013350037378072055
0.013361659692173067
0.013363734612366729
0.01337839932475171
0.013395026900409168
0.013428571447090976
0.013430533174462633
0.013442995542633396
0.013456025216928014
0.013457286545071945
0.013458504907770785
0.013470064892557976
0.013477367030829357
0.013478406220349348
0.013519623752506149
0.013522362809763377
0.013526640488157438
0.013545031881636693
0.013553103464098992
0.013569046627379788
0.01358293042907699
0.013601545465811826
0.013608432245443502
0.013612685531109836
0.01361577076927356
0.013630192128539886
0.013643267644712465
0.01365196175999206
0.013662855714790534
0.013673739843923949
0.013690703486682332
0.013700026773704521
0.013707204244125637
0.013721608906662741
0.013727384817176613
0.013733953842415159
0.013735220700963557
0.013743308681286925
0.0137494540670563
0.013749612426373292
0.013783328515644788
0.013786305937261045
0.01379537803862163
0.01380456389740381
0.013813599692308443
0.013816598945392555
0.01381746357661906
0.013825690620946518
0.013833089020261258
0.013837980763068858
0.013846903957729806
0.01385283956922867
0.013859522991291784
0.013866743682041216
0.013872648293873246
0.013874926887856853
0.01389784895430013
0.013899414834366963
0.013912780735401697
0.013921494392261091
0.013937072323836674
0.013938577137985075
0.01394295150652991
0.013951492849087033
0.013958167171021052
0.013958292357938884
0.013962698663470774
0.01398964592896812
0.014024542909361504
0.014029735914475316
0.014039325063131769
0.014049197712413863
0.014052872646015624
0.014097082777997927
0.014106786647408276
0.014164578096901193
0.014164931627258959
0.014167920115987997
0.01419211162241174
0.014218653055148689
0.01422358135470958
0.014225615542148518
0.014238458564641898
0.014250807741351124
0.014253909223697403
0.014254120125413716
0.01425426024419052
0.014258982587756486
0.014260861598348828
0.014261283765975019
0.014272986956451406
0.014279125472683507
0.01428149596029804
0.014298361597128939
0.014304322454188667
0.014322928172471272
0.014325520657694768
0.01432991474634937
0.014339491643004632
0.0143485400635317
0.014355507583563187
0.014365725567425547
0.014366059347193705
0.01437186180549821
0.01437831917625565
0.014384879194169753
0.014401848768314629
0.014407333050910909
0.014414495975775932
0.014431722605984909
0.014437508598331483
0.014448041192196781
0.014452047292073167
0.014480858877632508
0.014491979619621786
0.014516767995027435
0.014531675294403912
0.0145339983441376
0.014534352306912801
0.014562447662015088
0.014570583191214515
0.014580779026038382
0.014581499460491809
0.014595304143313559
0.014605837925315113
0.01461171062123745
0.014611830813021531
0.014628620455181984
0.014629545062845528
0.01463120903000148
0.014648196200707009
0.014666361698142949
0.014670049847420596
0.014683361261134453
0.014708864513878095
0.01471026086611682
0.014710406027331646
0.01475093437340158
0.014757773209329916
0.014769537754052098
0.014771411355272934
0.014774892300903342
0.014781105155668883
0.014796640033168829
0.014800919560209902
0.014823400908535178
0.014824255745457982
0.014825488956500377
0.014876400426199754
0.01487958878296014
0.01490451714136487
0.014907726513717967
0.014913872969730901
0.014929211595633984
0.01493017248946793
0.014930760871300297
0.014974329539599651
0.014990395355508834
0.014990622631229633
0.015013980468776444
0.015026190202294343
0.015034194386890576
0.015049470800216791
0.015054817813344612
0.015063097905554379
0.015066876246700889
0.015093306099410286
0.015104833369593007
0.01512790535444175
0.015129938385268105
0.015178570166181293
0.015207444193870878
0.015236981651009285
0.015245392910060218
0.015245893099678942
0.015258937248027404
0.015268365756702873
0.015269794550178628
0.015269805708655548
0.015274550002346121
0.015306925020614481
0.015308783262152015
0.015320283984205818
0.01532099351836147
0.015337595624181466
0.015339574937752953
0.01534535333905862
0.015368137988788555
0.015372737073212961
0.01537681399829638
0.015402111987455891
0.015405149642611415
0.015417601975814321
0.015419714491193948
0.015422051820562777
0.015433045947297663
0.01543649385764212
0.015478483606326532
0.015501312910304876
0.01550587946295201
0.01551171645690863